name: adamw
lr: 0.00001
eps: 0.000001
weight_decay: 0.00002